10000

112
914
98
248
744
827
486
973
6
143
296
814
850
686
624
213
643
340
611
666
128
129
720
912
198
747
301
392
710
242
750
173
156
847
772
251
26
257
223
31
400
519
196
601
556
171
814
550
511
776
215
638
904
934
550
101
32
850
493
93
443
594
265
598
440
37
200
817
293
423
847
44
293
395
645
200
565
810
749
75
585
963
713
488
248
614
588
631
815
432
724
257
25
988
207
817
376
406
633
669
180
832
712
824
226
356
23
142
517
123
217
101
437
281
588
684
246
528
667
60
959
390
316
984
729
522
152
457
280
784
125
811
615
188
635
192
896
9
334
412
132
902
865
568
534
452
604
779
979
270
838
290
11
505
273
739
379
776
547
10
559
671
820
526
211
454
69
458
815
754
221
946
7
85
513
540
537
468
670
867
737
859
156
747
364
780
838
94
555
384
103
466
407
922
343
969
728
763
426
542
517
646
839
523
83
703
415
971
171
436
837
907
647
345
6
10
124
843
455
31
578
557
848
336
830
190
304
909
304
729
802
820
727
640
695
161
343
461
131
513
896
967
771
542
663
776
903
787
970
709
169
548
617
16
883
447
557
539
707
860
619
509
32
697
148
78
857
490
538
987
354
785
306
125
679
968
900
933
106
870
642
274
769
258
641
3
56
549
541
763
761
160
271
144
856
770
221
65
260
758
51
965
542
356
89
220
676
341
153
781
562
146
407
330
403
399
684
811
948
577
573
60
736
195
203
943
964
423
7
575
180
410
540
73
765
980
645
440
320
149
573
881
294
979
562
48
377
246
858
676
822
782
735
909
976
937
203
940
711
210
514
890
619
405
963
735
385
959
527
704
107
99
937
400
429
498
799
157
95
657
833
268
438
567
176
766
856
379
705
566
940
570
808
910
327
122
644
711
80
522
766
186
972
702
937
400
552
735
557
998
743
741
266
533
659
793
298
866
171
354
432
462
923
591
371
249
712
367
311
143
240
429
680
212
130
968
963
33
54
871
31
797
611
296
681
622
88
978
487
611
683
270
424
605
860
795
206
923
513
868
417
104
296
96
315
778
63
630
810
117
500
192
265
463
839
945
436
279
274
922
889
956
544
664
912
755
458
469
678
322
337
94
426
632
542
92
761
604
721
571
72
573
114
336
387
953
632
822
231
257
95
471
564
638
134
476
393
944
944
422
617
632
867
42
616
408
486
376
12
558
298
435
482
412
123
868
716
106
41
946
363
488
768
926
125
901
753
869
196
49
290
813
680
157
206
647
564
691
23
927
601
672
714
82
435
836
302
150
941
342
447
303
181
214
581
306
467
333
174
662
381
816
474
413
324
680
59
887
722
433
166
322
457
879
756
891
66
57
41
6
750
839
661
931
405
593
588
871
925
113
532
658
928
358
70
251
389
480
490
110
265
7
784
721
885
891
611
950
947
3
307
48
842
319
330
246
911
917
468
836
30
999
845
309
708
266
912
96
745
753
558
9
759
693
81
643
583
692
944
529
46
602
928
887
921
258
484
831
526
951
18
907
302
862
568
361
127
479
457
224
231
366
584
989
58
665
983
640
708
278
520
753
879
799
992
799
56
475
630
934
778
647
840
431
861
407
791
339
237
599
562
467
316
498
807
373
514
141
364
221
418
883
973
649
682
316
447
89
143
428
22
272
75
214
702
287
972
844
625
209
795
187
27
110
36
186
835
549
326
198
769
744
433
93
744
466
409
190
554
903
618
928
174
44
493
875
330
464
70
954
24
864
492
51
326
879
236
160
427
561
709
547
656
141
640
399
606
400
941
512
302
910
791
475
953
283
701
634
98
122
939
122
338
783
524
663
661
759
174
88
671
234
634
679
375
625
429
332
376
369
195
677
630
985
503
582
619
555
567
69
677
506
542
14
288
65
28
300
175
201
739
197
434
373
227
160
349
656
844
725
376
38
753
6
375
608
939
345
162
506
765
190
363
306
203
2
722
230
301
896
782
40
445
568
764
671
79
464
678
922
188
406
312
293
763
686
900
53
382
413
910
147
603
272
452
157
625
526
739
926
421
520
317
217
439
432
240
518
895
917
439
83
674
750
727
788
787
978
841
521
742
750
667
696
374
470
853
998
995
591
275
768
462
591
984
901
22
223
770
269
492
208
351
517
310
429
657
448
406
497
968
147
598
986
843
323
456
47
673
450
989
947
217
802
890
553
702
263
127
471
531
970
31
233
839
692
661
495
139
418
991
459
917
940
444
759
615
899
157
287
701
145
233
269
298
474
821
1000
89
300
822
619
269
204
204
107
895
216
601
386
634
943
844
902
235
287
12
849
538
168
135
238
664
719
506
961
193
679
312
281
978
486
251
246
689
806
705
936
22
657
673
7
600
516
908
834
154
919
682
691
438
168
280
101
886
786
413
430
464
725
62
793
210
313
390
250
118
94
537
491
751
209
497
702
76
756
887
582
26
920
272
463
87
552
563
324
689
976
754
504
52
815
296
613
127
685
862
597
131
751
439
881
959
288
934
387
43
172
968
69
91
591
531
529
494
446
852
182
773
605
37
824
772
332
788
250
17
649
198
147
751
637
379
710
924
664
448
966
835
415
386
277
357
269
805
851
714
8
32
838
965
69
13
736
752
800
985
768
800
183
266
551
171
996
612
94
659
59
411
845
825
797
121
181
417
277
31
130
285
415
319
249
835
331
336
586
482
672
706
281
854
323
831
376
319
794
469
329
852
880
174
28
28
646
561
444
923
591
925
559
357
595
159
191
925
494
129
406
165
186
38
371
860
221
98
178
14
567
859
218
798
384
245
177
29
157
972
303
748
896
861
456
490
371
999
766
864
127
523
381
664
912
103
523
132
200
53
146
118
911
715
915
646
311
443
26
468
414
329
215
661
541
22
150
912
20
267
127
498
141
507
161
53
961
36
184
513
88
681
630
350
395
897
995
58
339
20
525
105
700
91
765
241
112
267
504
132
533
630
629
26
489
142
78
449
177
613
313
616
646
295
965
392
543
311
449
233
682
973
337
382
63
102
974
527
368
477
658
252
106
638
277
594
779
706
395
307
319
59
922
316
353
886
707
895
548
156
480
230
128
816
963
543
917
288
69
636
764
78
888
221
715
516
167
846
222
913
152
892
971
426
207
676
311
913
922
211
68
401
792
548
217
754
90
485
41
510
121
156
587
360
728
301
875
894
498
448
806
650
339
129
75
897
156
737
810
77
299
229
830
90
776
398
843
217
882
235
726
354
742
312
713
470
965
940
715
462
387
521
463
78
1
889
974
156
978
135
584
276
364
413
366
491
810
560
60
44
795
785
397
888
449
462
357
413
401
72
226
139
944
689
216
296
577
190
803
554
676
386
830
39
151
547
882
960
106
941
3
252
77
752
140
525
213
848
289
965
271
515
103
566
203
671
861
131
212
663
37
887
401
866
278
551
764
159
862
869
99
865
473
175
968
964
52
180
811
340
496
434
854
598
999
408
620
212
539
831
874
575
718
626
792
995
176
555
505
38
775
603
254
599
129
221
562
180
752
725
872
599
158
77
196
508
485
168
719
375
998
945
949
715
570
92
61
746
998
565
135
124
519
388
723
648
960
284
179
63
360
402
661
517
479
208
377
963
375
95
337
373
391
637
439
313
728
852
58
77
416
544
200
287
283
922
286
594
558
816
656
917
218
316
786
696
875
162
10
250
608
698
974
351
334
764
663
413
615
72
841
383
615
40
669
249
962
954
842
871
769
497
787
986
164
924
33
38
85
42
639
45
739
964
747
424
728
409
188
342
480
28
76
446
68
744
694
381
49
535
251
818
383
389
155
546
313
188
935
749
581
926
145
672
889
891
95
968
651
283
662
130
310
737
927
729
481
620
109
529
506
711
698
888
452
853
785
764
392
72
864
972
997
361
643
237
251
90
205
902
372
866
383
33
602
310
114
434
281
574
315
787
285
12
674
88
216
811
203
607
882
66
579
878
426
573
466
29
662
670
930
385
887
664
770
841
973
883
274
254
456
588
392
92
952
417
179
167
227
381
774
108
799
704
337
224
628
803
252
642
824
533
26
711
197
795
551
521
29
176
126
485
116
517
928
67
934
107
585
512
839
710
620
637
765
308
213
393
462
816
34
286
349
411
348
897
558
250
769
586
777
895
422
892
763
350
310
48
808
895
560
646
604
531
635
369
190
847
113
652
662
146
289
362
908
988
610
465
237
379
51
365
625
472
257
739
821
566
787
628
812
698
626
416
228
260
136
417
458
248
420
119
745
708
481
652
695
90
117
283
820
519
648
796
990
256
535
163
173
321
142
985
370
767
752
597
378
887
365
835
134
137
306
230
844
786
881
891
227
349
525
399
867
524
194
209
131
728
371
304
400
864
640
769
631
391
717
360
277
434
547
762
570
852
991
765
989
223
655
215
924
532
965
790
407
159
998
538
238
720
193
638
584
832
406
566
222
475
925
850
908
471
963
477
674
953
241
662
527
248
877
450
131
193
592
537
351
589
426
589
661
618
578
244
801
335
809
22
809
85
223
68
908
185
896
581
489
137
243
16
736
471
817
218
663
408
106
366
349
532
306
9
501
235
604
302
569
764
675
730
848
898
797
107
82
693
40
923
181
282
290
268
104
106
485
118
866
590
483
566
121
140
926
974
374
529
275
943
644
949
24
491
198
820
950
632
864
989
554
396
622
843
663
725
300
147
842
517
89
677
82
561
816
7
534
542
887
808
836
530
109
859
373
306
30
322
937
894
662
490
289
283
684
304
359
984
802
200
500
890
228
934
451
44
940
984
937
179
144
772
60
252
630
432
909
11
105
846
256
766
687
545
400
371
200
758
706
1
310
557
891
537
490
341
932
782
676
868
960
819
639
19
422
620
803
331
631
907
528
886
25
566
782
776
288
981
534
993
982
843
902
224
731
391
916
663
172
591
530
483
762
521
854
535
140
656
865
770
914
744
8
290
310
789
66
597
770
951
942
103
145
843
678
875
585
593
537
757
535
419
591
296
939
444
831
430
451
47
552
365
143
559
654
452
347
71
400
468
21
341
922
165
183
599
392
120
543
928
876
78
698
818
725
988
262
907
770
64
306
321
428
448
879
434
899
577
504
298
397
525
991
318
41
525
269
432
644
811
712
871
240
761
689
965
749
302
223
518
365
528
190
145
327
68
578
577
996
433
227
392
309
217
710
350
741
330
133
737
140
844
607
732
605
647
48
705
948
270
574
665
150
763
809
476
182
738
405
177
522
631
569
831
847
630
532
939
959
664
675
98
860
634
181
816
280
228
520
228
498
445
244
999
207
404
826
388
493
230
916
14
860
484
844
58
113
727
349
71
391
23
521
602
8
701
417
288
929
288
867
778
732
110
128
290
865
953
29
357
535
944
370
746
428
566
804
540
292
504
963
34
878
483
987
886
535
403
173
463
690
391
592
773
852
719
62
716
24
90
424
558
34
793
303
813
710
458
352
354
961
666
387
839
148
374
76
683
128
600
497
170
990
89
942
193
159
356
908
182
445
683
739
830
475
394
642
537
203
346
890
516
11
628
706
511
353
781
545
481
732
41
2
721
481
943
913
640
298
172
821
95
854
912
924
680
657
918
216
211
263
457
78
625
85
783
135
789
915
679
269
646
72
270
718
552
565
982
543
214
505
716
660
358
979
584
390
987
853
957
197
115
414
275
739
850
409
226
638
676
904
259
321
327
880
391
231
444
372
773
10
877
840
669
586
818
604
327
804
456
284
1
922
49
627
661
898
387
886
887
62
141
145
735
468
25
125
50
820
848
822
181
76
14
850
662
831
805
340
635
261
975
987
182
23
965
194
272
351
431
159
413
924
655
147
743
31
271
792
203
470
965
383
546
978
232
207
809
389
898
795
649
873
133
182
895
97
728
519
799
510
29
211
433
683
709
175
714
331
966
916
801
283
650
346
260
234
904
68
622
801
214
622
25
346
803
920
794
882
790
593
392
818
803
176
852
864
351
917
194
668
184
994
950
834
691
562
67
594
629
688
747
195
309
771
540
463
42
334
697
831
278
440
1000
432
615
852
295
317
768
489
337
304
834
638
137
877
199
555
822
180
242
568
374
902
691
265
716
732
598
764
915
227
203
914
659
818
117
953
486
237
793
822
540
979
460
28
855
658
582
676
189
175
244
562
428
286
827
143
17
776
907
931
3
461
197
661
278
665
965
116
901
110
937
792
88
748
819
942
758
752
969
946
278
564
508
705
849
686
200
866
461
458
148
815
918
696
827
548
361
144
663
613
253
951
757
340
699
927
633
456
679
601
753
956
165
612
661
13
297
212
230
110
669
730
276
586
425
103
133
137
246
795
750
498
746
858
189
796
784
821
603
462
421
355
770
937
967
782
950
615
993
531
76
661
260
352
598
685
806
731
173
51
877
274
900
974
131
88
769
915
260
723
728
680
430
497
617
396
630
918
362
974
448
438
986
708
789
584
744
946
314
916
996
542
190
247
516
320
686
636
234
945
711
314
624
140
162
592
887
792
509
248
765
309
37
751
16
177
334
111
122
999
26
117
892
567
715
407
887
400
395
472
696
457
785
672
596
947
263
482
90
124
729
206
432
118
956
799
294
641
909
416
991
286
884
883
853
599
641
91
350
387
562
46
843
699
717
438
997
979
271
438
454
352
643
237
469
951
387
762
591
295
177
934
933
61
816
785
11
808
875
360
195
788
405
37
838
473
827
186
804
97
623
257
800
618
846
268
568
232
30
158
879
558
443
811
970
258
947
980
66
173
340
612
960
96
1000
150
569
826
687
372
275
310
980
426
927
825
694
846
57
75
3
935
632
446
745
954
55
691
933
472
863
624
83
174
720
83
675
640
260
362
363
886
23
342
312
301
167
357
146
575
431
500
861
414
297
605
367
704
647
652
175
861
275
610
386
346
44
413
337
655
774
699
541
148
41
204
800
559
912
945
485
694
796
345
107
445
301
826
148
299
477
674
159
103
283
896
801
326
308
137
981
433
836
873
580
228
428
379
138
339
675
622
384
823
318
842
267
618
667
414
916
495
439
426
950
722
673
750
399
981
886
379
413
721
603
345
300
382
75
437
72
750
410
455
572
727
297
190
696
315
955
963
162
393
388
111
114
61
212
513
393
97
243
157
170
198
501
821
579
576
258
3
677
19
457
248
98
105
789
793
772
743
756
933
135
495
395
601
907
958
113
651
406
707
808
575
256
308
748
835
883
5
189
911
375
645
158
472
102
298
265
873
40
372
157
527
218
551
127
477
860
239
127
265
297
934
840
553
594
587
739
828
943
927
739
669
923
248
141
376
546
757
248
585
480
404
111
697
306
589
173
165
179
652
430
476
585
621
380
530
559
470
358
853
396
96
521
670
343
13
46
888
769
645
825
248
49
287
297
706
876
821
223
54
472
4
881
409
976
260
938
886
729
295
90
476
390
610
498
85
975
543
972
95
187
148
343
587
787
991
645
662
811
867
67
283
222
948
691
197
559
628
82
640
923
171
115
664
132
964
748
458
506
72
553
45
219
895
983
5
237
627
18
47
845
437
329
66
736
19
614
294
999
47
285
273
569
752
936
53
715
684
510
573
755
62
617
325
308
951
682
544
930
51
591
774
487
271
192
222
642
157
868
640
204
152
912
124
903
199
176
970
882
38
542
988
99
510
313
759
460
346
654
389
396
596
515
235
867
58
456
860
566
675
851
121
179
762
245
433
960
772
402
194
809
295
181
260
804
845
370
616
190
23
356
586
619
222
820
837
279
627
48
845
654
898
317
184
659
561
616
970
333
370
515
493
664
696
752
468
892
121
83
82
496
438
19
466
660
190
654
290
168
701
486
173
598
803
356
608
715
972
929
399
341
444
892
356
491
995
823
382
116
257
815
611
47
833
428
58
374
81
347
894
781
185
66
378
339
422
337
53
393
265
804
85
708
695
440
198
689
615
580
156
871
746
118
269
931
545
326
304
625
25
197
757
209
615
134
899
36
822
951
780
87
754
216
794
800
655
344
841
621
275
996
844
20
114
112
950
10
438
254
987
462
802
743
22
768
229
920
803
50
222
934
136
328
149
282
479
156
625
319
776
899
315
619
270
780
731
220
141
520
825
127
981
978
870
354
746
450
625
548
499
198
482
987
877
982
620
356
137
596
674
913
494
340
531
763
471
613
334
612
132
158
90
464
136
311
169
881
760
793
780
611
343
613
949
219
595
568
574
731
163
600
643
8
291
526
122
762
138
456
725
622
613
166
85
100
477
254
332
588
398
112
198
740
724
498
959
318
417
884
401
931
483
43
290
126
920
412
239
410
219
963
31
183
128
467
283
956
72
614
544
470
77
93
561
801
591
871
470
359
755
870
290
589
265
579
714
536
342
952
945
560
266
327
743
746
146
377
701
217
342
596
38
419
689
599
571
631
469
40
989
575
262
630
164
526
561
229
413
902
533
358
814
798
36
908
895
181
284
596
750
977
191
139
395
231
737
317
861
558
357
202
484
970
831
647
847
743
228
259
997
760
968
810
557
4
717
452
536
352
399
637
680
941
776
75
172
864
743
384
773
99
585
257
420
768
903
266
510
130
525
506
241
492
667
798
847
383
601
383
86
351
19
766
291
794
192
462
10
934
846
782
385
782
38
804
549
293
70
411
422
946
268
15
437
935
812
284
669
764
18
755
114
388
872
404
534
63
218
543
348
415
324
84
196
362
888
745
654
309
507
427
606
774
441
394
708
604
29
729
367
46
835
832
434
706
588
319
120
805
861
819
219
184
903
414
897
142
510
902
802
16
329
407
142
121
800
201
77
181
929
795
226
763
627
11
820
214
329
291
370
541
110
588
725
12
353
973
505
863
875
306
230
555
64
723
27
215
924
103
395
204
898
621
319
876
983
138
89
664
429
458
204
890
397
280
253
749
253
757
963
479
62
545
33
125
267
411
339
542
514
734
746
763
706
64
638
40
553
726
703
333
535
907
222
283
186
474
383
790
230
698
268
643
594
652
119
212
63
810
754
928
895
851
690
952
266
327
991
818
404
694
503
290
952
76
572
137
550
306
279
131
3
898
126
596
550
596
160
964
405
913
891
299
763
932
250
380
258
593
197
13
286
51
302
237
127
225
725
28
530
3
510
885
901
635
832
802
231
991
117
987
255
7
638
369
290
239
748
547
831
297
911
468
347
212
704
473
788
781
852
669
135
362
553
387
348
737
188
930
79
304
917
334
662
554
702
951
144
450
849
975
746
759
442
444
322
498
917
109
278
120
778
412
481
682
799
829
770
338
110
849
994
26
534
7
931
235
310
75
36
158
401
781
269
842
225
942
339
493
403
968
612
532
380
445
565
530
625
335
219
734
535
212
760
68
571
42
302
880
116
690
389
868
822
9
710
46
951
400
890
353
368
854
884
99
298
448
980
274
134
198
7
668
762
118
87
332
160
389
563
627
430
951
495
251
960
556
649
262
955
538
614
674
743
849
772
392
648
103
665
134
301
672
801
414
141
888
745
652
628
307
631
57
609
125
659
568
32
307
829
338
845
794
12
939
994
135
331
642
238
995
775
538
18
927
303
511
166
47
162
145
705
792
553
313
268
212
233
651
518
413
989
714
207
1000
653
200
134
335
193
723
681
319
612
51
598
914
561
763
312
722
908
16
866
812
681
133
23
913
784
541
325
124
606
883
123
610
435
608
944
979
683
625
298
294
675
895
208
235
9
519
308
268
887
525
80
567
658
102
831
793
994
155
268
952
390
390
561
824
349
505
802
31
481
451
325
507
697
884
93
706
402
400
973
288
925
52
206
934
506
36
78
499
543
697
450
932
86
363
107
786
219
260
169
699
63
845
557
759
728
649
464
481
400
437
121
676
840
326
961
345
714
390
844
256
86
645
539
523
7
997
309
225
256
829
275
670
673
831
429
752
831
892
584
231
680
704
906
520
382
219
864
447
608
59
702
694
704
592
216
62
588
876
639
195
56
265
865
80
96
293
831
926
184
767
508
216
822
766
735
555
984
598
1
591
657
702
636
712
293
204
773
880
431
763
427
487
28
291
566
475
583
749
752
118
867
260
333
688
25
419
243
360
17
243
302
25
297
290
88
941
493
212
173
275
975
599
761
2
889
679
476
823
779
227
940
645
838
625
332
214
43
926
573
411
169
875
435
817
164
522
757
8
86
929
282
60
527
395
413
767
425
888
589
203
466
881
199
304
505
882
869
899
808
442
310
328
668
96
144
183
970
900
542
55
181
823
466
59
569
878
826
993
117
414
547
582
294
745
237
150
979
106
401
786
899
710
465
566
157
608
100
478
859
641
884
39
815
349
98
384
226
275
728
342
688
275
924
334
371
512
835
349
969
235
486
867
296
950
784
805
909
883
282
768
875
166
158
690
866
607
425
92
881
152
433
921
778
708
606
501
572
440
201
540
27
687
407
674
988
190
478
897
425
112
16
299
629
173
988
494
132
764
585
12
916
370
932
45
429
537
545
1000
329
746
540
355
784
298
28
123
839
858
19
263
969
34
914
597
559
901
90
690
665
675
53
932
396
337
976
824
225
873
824
553
970
715
259
105
12
287
227
202
496
246
465
464
631
730
60
541
630
501
582
646
175
635
929
922
323
257
746
547
129
569
100
450
283
358
554
646
996
780
847
491
377
663
306
8
392
365
900
374
866
482
371
392
468
652
314
790
908
411
336
388
979
787
837
613
497
390
610
844
169
808
335
546
823
640
905
214
357
804
939
574
637
662
317
104
313
982
245
220
392
933
959
722
719
795
334
215
184
295
411
704
103
745
249
925
736
505
490
444
309
781
17
297
442
686
401
106
667
997
325
411
929
283
132
648
429
818
214
612
112
624
315
214
720
916
490
808
420
980
251
80
112
620
377
553
657
129
658
675
125
334
85
406
968
569
405
396
386
970
359
497
946
25
63
17
940
904
824
712
235
427
143
346
46
871
898
54
351
907
728
828
240
813
233
559
381
637
954
118
958
312
966
903
689
28
920
980
284
743
43
518
521
186
864
918
408
113
971
759
20
699
938
611
863
170
170
595
158
475
712
115
139
677
370
827
57
289
806
340
383
849
209
904
386
72
821
793
185
792
903
556
842
840
518
704
361
39
298
870
866
361
337
4
37
706
182
445
346
987
784
728
187
993
983
924
416
804
717
952
947
971
859
140
163
377
843
875
415
492
745
280
852
81
635
240
786
816
685
483
155
820
210
341
164
545
265
580
700
333
531
998
655
742
137
169
118
979
44
884
822
788
516
673
220
150
912
357
318
948
839
824
768
48
164
931
944
780
510
643
464
393
640
471
134
776
639
603
106
682
838
927
469
353
951
40
855
215
396
524
162
234
347
929
634
862
212
577
994
73
220
809
465
859
279
950
987
918
904
92
951
742
371
772
446
321
811
300
887
207
823
49
440
169
329
73
383
540
650
376
613
221
184
429
431
463
731
769
732
634
861
682
727
583
805
173
255
616
824
142
174
999
190
613
519
870
38
901
410
39
276
374
611
460
802
41
274
884
810
5
518
22
38
596
956
843
768
210
810
944
351
983
942
892
947
460
114
336
361
523
374
636
248
984
447
401
377
720
285
538
724
154
911
114
749
866
308
869
75
469
812
778
803
753
21
101
212
134
437
924
8
162
560
255
498
358
656
874
78
292
763
153
445
673
618
193
890
925
413
964
745
224
93
547
328
114
648
892
247
84
815
607
597
726
213
94
84
868
319
513
511
81
665
955
105
283
500
994
559
912
310
304
488
402
850
815
867
849
706
466
284
873
72
881
950
284
326
385
504
645
897
14
77
914
969
534
196
820
879
106
731
188
409
218
942
611
385
808
811
442
273
95
314
696
327
264
980
652
648
835
648
897
848
725
810
168
258
357
987
136
462
718
676
223
287
617
185
671
776
995
113
49
441
778
96
767
393
75
771
41
261
418
289
109
142
98
628
751
454
615
239
267
684
914
489
322
882
25
993
657
20
457
57
812
234
153
931
627
579
701
19
840
118
307
300
612
756
927
362
209
893
952
475
576
217
316
898
98
340
242
107
711
50
515
875
283
19
805
261
598
505
631
789
622
289
88
233
44
14
947
604
259
898
431
834
467
746
83
564
437
324
22
148
725
537
22
8
555
178
620
504
682
251
292
655
891
731
240
935
97
186
538
355
435
968
540
901
65
623
817
502
298
838
1
23
726
374
382
633
551
1
488
232
603
132
238
494
862
477
780
958
662
669
664
449
989
204
349
53
826
517
906
475
707
258
497
432
631
878
416
533
231
904
116
185
35
354
30
248
830
809
558
844
830
221
292
818
776
992
222
953
509
480
428
215
737
276
998
720
154
414
252
736
669
368
920
55
721
950
654
902
110
211
745
291
784
388
108
559
732
682
864
240
513
291
806
601
566
155
320
71
920
924
158
588
291
78
994
363
379
648
616
840
210
361
131
993
100
590
904
831
623
767
422
135
409
579
736
974
734
407
397
653
330
554
241
972
983
586
334
713
233
950
553
795
662
35
787
113
976
42
944
599
160
365
85
568
944
172
894
29
579
290
681
260
195
273
232
178
859
917
890
443
218
794
237
879
180
376
992
156
417
287
754
577
3
190
144
298
362
389
326
292
678
7
551
225
631
782
402
489
699
643
284
268
789
520
147
968
895
490
123
664
128
228
592
130
418
735
780
131
124
105
422
153
463
972
377
94
106
130
582
156
125
217
423
913
737
921
232
983
762
707
646
889
934
237
19
703
324
798
833
799
254
606
303
717
930
32
810
35
513
743
190
637
960
964
901
48
885
485
382
646
191
28
535
124
616
905
179
291
54
363
441
307
969
96
375
898
127
536
284
991
631
825
628
942
788
880
989
672
364
370
670
554
749
204
30
717
460
560
359
513
922
152
171
242
247
898
491
725
433
774
715
415
950
342
356
738
574
696
761
289
418
430
843
518
633
224
586
444
783
945
956
56
96
479
650
694
376
140
418
160
266
132
575
215
826
282
952
399
978
65
687
395
494
881
264
479
456
850
922
590
794
230
646
241
60
295
934
435
786
351
946
51
834
520
618
659
802
921
57
779
985
96
525
479
328
788
309
784
637
230
373
782
811
370
374
870
664
659
304
450
361
250
852
195
121
821
853
922
742
262
52
726
357
928
556
684
68
864
819
56
446
192
190
256
561
563
126
577
222
781
378
582
30
581
776
503
402
629
776
143
890
828
220
598
107
128
633
174
991
804
582
788
995
771
44
907
333
169
835
906
949
564
488
331
145
615
185
546
595
960
40
836
139
611
433
246
738
418
771
81
221
704
868
567
474
263
825
159
431
660
64
732
223
551
414
719
518
598
264
112
909
655
948
48
266
732
293
3
149
415
83
721
119
303
287
944
565
112
102
348
123
166
431
697
68
844
416
585
793
679
697
701
334
996
748
951
727
392
953
228
159
388
948
629
690
235
572
254
698
674
953
820
839
383
516
906
578
931
843
370
962
891
423
647
886
522
597
964
266
549
191
424
288
139
404
977
373
975
583
70
1000
887
241
838
270
756
96
847
39
290
217
1000
180
991
646
417
512
594
380
777
494
571
552
782
709
955
110
433
282
44
854
281
931
94
471
200
201
566
46
239
207
614
590
386
956
587
802
468
180
181
596
674
751
500
807
811
806
916
243
87
312
448
720
242
541
190
793
94
107
838
684
313
804
626
50
759
212
851
578
744
383
526
769
486
377
575
296
534
842
891
621
153
338
692
746
231
881
538
324
987
728
359
651
531
984
700
641
196
902
571
291
284
448
59
769
176
985
417
709
826
307
329
331
644
372
76
226
252
614
901
590
341
260
240
223
243
291
863
790
192
785
432
476
584
490
596
759
474
12
468
652
318
148
982
314
520
409
891
123
22
792
713
714
51
304
936
645
947
151
787
138
935
218
965
871
708
561
629
533
572
96
536
242
244
869
907
115
278
797
237
651
588
301
365
990
957
300
635
903
450
421
392
737
990
357
607
697
917
235
582
840
683
117
433
278
338
339
744
615
136
980
265
75
633
629
65
589
929
51
843
730
471
234
818
460
590
424
509
858
11
442
50
45
910
482
674
247
173
417
861
660
396
478
734
380
106
798
968
386
848
810
468
670
44
285
482
985
61
342
843
423
783
244
467
692
725
140
291
249
556
503
908
303
980
642
683
438
791
2
823
991
164
642
12
207
927
493
543
339
186
737
761
320
980
227
12
57
718
654
305
625
156
213
279
136
854
961
573
996
315
747
986
478
741
998
36
667
842
578
357
28
315
117
699
646
695
62
702
764
715
7
388
871
219
666
6
424
979
930
419
645
28
405
122
768
754
509
786
947
438
142
326
752
610
25
750
304
86
451
67
801
457
806
23
27
824
380
450
154
309
869
798
688
625
271
456
730
779
241
676
216
735
354
320
344
378
69
1000
815
871
418
615
328
576
989
706
399
368
156
904
676
376
701
364
352
971
171
81
101
763
108
668
497
813
987
193
190
407
192
357
278
961
323
957
536
312
662
286
679
817
189
355
192
889
70
895
211
592
975
663
354
435
331
203
247
317
395
789
76
938
145
353
898
467
309
786
778
970
71
457
139
260
163
682
500
584
577
63
175
903
725
528
337
55
730
936
724
476
724
799
413
220
151
663
686
811
448
816
132
870
272
270
129
786
304
981
369
880
43
543
134
767
422
823
822
504
758
545
979
833
343
392
52
845
406
89
655
853
904
786
722
527
408
203
312
711
183
32
942
225
926
75
991
348
249
164
851
6
60
181
190
754
572
241
598
329
330
252
181
585
390
255
112
149
457
775
859
991
807
152
215
732
578
557
431
827
73
633
832
132
814
374
886
737
614
483
66
295
87
246
232
828
852
695
976
660
469
186
650
627
337
216
359
914
125
141
740
197
774
924
680
587
297
565
323
262
400
388
909
838
986
140
17
837
834
344
849
654
529
498
281
865
66
991
130
542
131
222
90
904
497
769
842
793
686
165
406
437
904
666
626
889
157
642
78
342
985
926
996
513
775
276
729
192
618
210
733
748
431
822
4
927
591
845
71
276
361
829
64
265
494
689
505
651
330
582
992
666
507
339
178
634
966
258
825
583
467
558
331
250
379
686
176
321
882
599
948
243
427
11
859
920
51
363
922
380
945
914
45
803
604
574
788
570
183
613
152
2
522
834
251
252
519
778
573
753
376
872
995
802
235
853
74
285
215
995
17
511
260
61
666
864
987
453
433
521
65
936
522
938
770
772
190
640
902
114
392
277
337
738
431
571
942
504
208
509
498
224
19
110
636
36
325
622
489
109
495
905
44
16
843
165
140
384
157
41
849
548
669
185
638
99
756
579
602
963
87
452
538
458
913
173
493
237
147
981
345
641
238
388
8
432
905
147
815
61
187
663
960
856
199
597
306
954
176
908
268
614
711
157
71
623
330
916
859
828
248
203
468
485
942
475
268
846
974
82
258
160
96
218
367
295
814
673
600
341
932
220
307
642
376
729
616
57
644
826
884
892
380
703
728
321
530
996
519
503
429
776
662
877
993
381
523
159
405
474
851
336
693
157
329
421
886
296
829
529
121
65
772
500
767
852
172
296
199
690
798
979
818
812
855
162
192
377
320
948
851
171
283
895
327
963
667
564
258
496
93
378
560
216
229
678
419
400
974
617
442
123
596
259
934
802
420
477
179
92
424
381
262
58
627
940
372
646
504
629
493
948
358
52
515
938
81
934
338
406
550
779
529
497
389
814
299
160
291
829
251
66
561
512
476
187
804
847
832
307
476
324
606
185
727
120
123
160
53
812
565
603
942
445
451
330
259
749
489
901
577
740
966
137
603
793
676
406
640
507
64
467
183
669
651
261
789
125
420
841
936
337
795
229
781
246
558
39
994
399
291
923
490
609
59
92
401
734
850
40
593
913
506
127
582
509
387
370
985
159
562
273
495
357
501
627
954
411
666
299
809
308
221
298
916
280
741
317
365
590
356
309
503
214
435
436
74
174
805
58
684
718
682
530
426
183
156
379
593
173
678
753
481
250
50
396
881
142
712
246
732
420
554
234
985
341
669
58
866
825
467
549
894
149
78
320
683
585
50
627
758
79
731
590
329
132
985
209
273
49
806
4
820
712
589
804
52
609
213
917
433
679
817
327
179
246
998
213
830
47
191
939
478
921
528
806
52
513
366
325
913
172
680
732
883
269
535
286
877
99
554
662
777
370
340
308
967
337
872
796
735
63
735
212
335
614
17
387
478
735
63
390
906
742
473
140
362
359
777
239
457
682
900
586
51
591
893
369
927
116
164
661
530
250
225
865
864
593
603
693
327
665
83
584
758
555
75
120
914
851
710
722
884
961
307
286
551
551
654
477
667
818
489
196
419
65
60
634
658
662
327
336
678
761
920
436
667
346
907
932
549
616
654
432
576
960
718
478
511
371
954
529
540
794
724
959
859
136
944
868
149
622
203
827
382
122
614
401
468
872
332
368
839
985
799
766
297
516
243
159
887
548
687
426
341
762
736
551
897
32
418
398
653
621
576
387
94
189
787
913
412
470
280
250
807
79
15
103
946
257
261
832
804
299
610
496
60
697
399
309
728
816
706
733
788
281
119
234
821
257
146
584
726
778
833
532
208
847
634
153
455
246
337
610
544
298
105
604
994
503
264
74
671
969
806
458
601
276
43
773
532
541
356
257
318
188
789
877
386
422
29
840
20
717
801
563
14
905
518
8
760
133
433
430
101
238
239
53
513
634
825
44
174
180
300
843
719
440
719
104
214
747
295
233
816
95
147
829
352
17
188
111
149
620
892
602
857
482
654
721
115
831
116
288
10
416
130
81
207
848
184
420
947
831
652
114
277
151
942
980
167
130
442
667
749
685
268
958
167
922
30
281
752
146
921
113
913
402
193
119
602
729
539
900
911
542
13
539
692
954
519
210
435
960
877
536
645
144
845
163
417
874
795
520
19
715
633
283
469
177
402
70
905
292
969
167
833
333
706
877
286
224
86
721
535
962
608
531
458
452
45
874
325
840
394
696
906
378
978
374
554
731
795
811
22
115
977
207
447
682
83
733
257
520
805
144
834
412
26
643
215
71
516
539
910
261
586
167
990
916
541
544
646
687
706
20
802
682
226
248
716
660
332
324
531
488
819
364
251
845
6
465
915
874
356
176
486
941
342
476
856
234
371
854
921
76
873
74
109
98
321
176
109
653
500
639
140
318
355
743
514
712
207
780
585
562
955
423
503
649
250
710
234
972
563
506
47
435
579
507
884
900
683
992
904
182
631
395
851
985
137
365
696
344
144
633
257
451
407
111
99
656
821
332
627
735
838
25
522
768
531
405
667
565
397
922
746
379
669
949
715
805
313
762
500
808
746
109
258
152
219
708
159
391
392
137
126
581
513
647
348
396
403
367
960
151
288
58
529
956
6
595
113
670
357
964
477
454
72
87
606
291
794
116
33
185
253
158
765
117
156
465
512
559
831
472
61
470
529
942
778
886
536
242
555
244
205
383
698
629
469
655
919
263
770
303
799
374
461
916
491
968
380
354
878
562
825
939
31
705
880
160
942
415
401
496
11
606
231
708
234
699
714
504
961
483
806
112
209
618
27
699
938
758
52
815
319
229
753
701
285
984
861
227
751
261
74
761
218
304
820
451
3
533
306
315
367
464
778
575
433
804
273
370
913
677
537
231
257
641
284
541
625
144
119
375
756
193
487
974
848
306
776
202
190
434
869
556
897
646
131
681
802
755
51
714
783
587
297
39
579
932
932
203
427
50
929
182
594
767
507
442
424
283
995
613
68
863
521
964
861
651
996
14
757
46
79
540
984
375
930
915
658
861
117
84
911
398
266
856
164
772
297
588
406
644
552
473
858
72
788
718
74
784
83
831
181
162
722
517
888
651
431
546
512
899
629
774
296
246
629
812
370
278
751
127
921
302
600
130
374
739
200
447
874
282
629
407
443
350
275
331
353
57
876
864
955
856
989
603
102
617
766
823
246
516
949
518
817
900
648
190
991
847
989
864
128
969
622
571
319
896
253
671
952
480
886
259
335
226
213
788
842
978
610
440
493
911
957
661
810
604
203
800
450
543
16
930
511
637
852
829
885
104
851
188
583
88
798
269
313
10
57
507
339
18
946
183
928
902
844
90
858
398
241
659
940
608
588
450
245
791
631
481
894
833
668
828
273
818
97
585
827
505
443
518
874
740
700
154
994
895
243
851
292
835
509
231
443
449
33
39
239
663
519
485
847
538
312
119
355
760
56
534
616
850
51
490
590
102
643
583
997
237
433
640
71
293
871
513
741
255
903
332
269
773
816
115
663
479
234
369
591
641
902
206
490
304
695
79
406
689
661
754
925
445
393
996
90
615
860
182
221
763
513
489
887
680
604
549
511
189
918
101
829
819
306
670
475
353
749
232
41
761
337
966
558
81
313
647
696
524
828
916
638
693
757
525
372
360
73
234
900
990
334
728
161
992
749
987
344
497
218
736
610
906
701
167
986
365
813
681
889
992
949
526
684
705
50
408
416
123
641
315
464
327
394
976
318
142
962
13
991
531
748
600
436
801
118
422
165
282
454
53
273
754
579
309
810
628
68
225
102
708
891
918
386
284
893
703
778
207
67
120
737
815
719
525
615
188
946
131
469
751
184
93
505
114
753
314
93
172
891
195
880
781
464
617
417
356
672
194
562
738
313
651
904
383
175
518
922
472
1
742
222
184
186
78
649
291
392
741
462
634
287
693
414
750
310
830
458
981
375
371
718
39
21
622
773
547
491
694
18
491
435
592
26
973
669
674
263
412
415
724
45
53
417
811
803
726
640
260
58
367
630
775
405
3
748
178
549
591
223
919
81
658
862
459
982
882
484
244
294
250
967
690
303
735
500
105
812
140
364
869
506
345
996
262
699
743
439
600
333
662
518
766
671
731
576
652
612
59
247
905
309
565
947
611
300
446
67
111
937
782
332
794
126
327
56
825
421
846
424
106
859
293
223
529
23
798
532
986
856
778
243
516
695
189
478
994
634
544
456
923
325
139
716
803
465
771
979
238
969
754
343
827
46
565
708
420
714
239
405
569
369
999
437
63
187
914
408
173
458
863
95
782
2
810
936
818
933
914
55
901
667
749
79
64
665
786
483
378
25
240
299
745
590
735
807
777
648
214
949
457
428
43
591
781
204
526
599
136
440
5
388
106
106
467
170
770
604
4
148
980
595
798
724
185
532
882
313
531
447
261
988
875
655
578
7
858
455
957
346
894
962
85
352
419
903
873
188
507
228
687
486
823
484
562
359
367
443
23
898
890
283
237
116
289
166
122
498
620
79
195
866
392
280
217
810
182
89
349
40
316
388
878
490
223
439
200
590
881
222
487
122
856
75
237
144
240
711
994
859
141
188
76
532
819
292
693
353
732
393
392
400
780
269
889
3
59
441
592
292
662
430
413
870
856
2
365
95
64
358
305
204
898
381
735
716
24
779
68
756
171
460
155
951
80
395
305
491
835
248
782
849
677
546
70
884
899
434
978
962
144
634
165
41
366
251
756
390
29
824
145
200
635
651
502
66
397
158
556
584
405
689
432
433
235
853
316
133
286
293
447
781
278
611
821
644
214
929
33
242
104
529
793
738
179
646
155
927
803
63
510
207
751
293
639
337
145
954
822
783
598
268
563
876
230
384
519
443
312
903
685
415
431
829
504
961
475
10
887
277
72
397
484
823
41
474
511
186
428
332
968
377
599
530
252
829
265
122
271
576
376
307
342
806
136
197
118
610
207
357
886
630
105
721
452
145
195
963
330
974
646
297
702
245
179
306
425
443
427
695
371
803
2
64
960
489
261
430
98
819
786
335
448
890
408
252
34
602
566
716
927
211
364
628
807
542
933
231
337
712
278
707
866
279
770
825
119
382
606
216
552
391
902
1000
632
309
603
18
262
168
733
188
730
448
168
537
342
100
767
678
163
44
736
28
674
505
205
792
239
810
359
790
201
613
141
832
921
743
849
183
910
933
722
640
381
889
528
722
341
294
751
503
690
486
531
715
342
87
859
580
896
217
370
448
829
510
632
102
253
832
636
514
765
357
505
497
598
32
570
938
678
320
792
719
805
674
433
146
760
291
78
8
860
799
455
40
660
86
141
264
270
776
778
386
133
634
882
82
18
803
19
695
122
810
413
278
484
845
775
595
488
852
602
347
2
409
386
662
494
879
925
115
654
702
500
138
688
733
219
705
535
589
399
8
751
163
285
586
359
412
180
846
615
134
544
617
542
282
278
387
160
202
502
165
256
1
655
943
86
225
999
620
814
397
628
916
911
264
501
621
27
32
467
642
165
362
258
58
643
887
445
154
88
298
671
695
298
325
989
735
901
987
355
714
735
334
981
645
597
481
266
624
865
84
617
29
797
874
87
792
112
883
297
199
180
967
246
829
643
234
564
544
221
918
609
307
603
590
952
199
70
569
174
934
4
790
315
800
15
753
591
126
635
888
677
814
206
274
994
849
507
557
392
79
826
1000
386
428
589
689
979
11
609
152
296
612
294
610
763
660
714
354
138
348
593
166
513
798
791
507
998
649
63
389
728
889
741
465
668
329
505
646
691
113
150
987
76
795
596
838
806
662
543
295
9
135
460
874
285
250
380
282
899
794
23
978
34
763
794
702
443
298
347
134
762
496
120
837
642
67
26
448
728
569
742
89
55
554
962
691
803
341
325
53
486
347
382
520
461
175
221
903
824
567
388
937
415
507
125
56
926
151
503
5
71
245
93
125
798
406
168
952
746
492
357
232
190
90
751
650
617
323
904
440
889
292
729
655
150
853
711
427
355
565
432
777
161
876
902
310
282
69
614
379
912
970
962
101
59
712
750
675
386
5
467
275
296
547
281
798
751
991
224
106
908
7
882
68
883
135
378
516
555
991
894
466
312
856
918
722
919
667
749
305
672
567
931
319
113
211
468
863
202
44
320
461
402
554
528
284
688
257
151
595
247
45
412
910
900
330
984
818
348
732
474
371
298
404
42
762
615
509
624
168
904
296
628
306
849
507
941
888
764
92
482
362
136
246
272
387
575
255
556
274
338
30
645
987
785
686
100
399
546
75
918
450
370
897
755
218
404
47
458
519
138
939
880
625
536
503
363
462
109
919
736
446
300
380
784
84
417
883
835
962
958
752
411
327
1
517
897
756
564
354
274
53
644
153
30
180
656
392
641
764
310
376
562
961
107
345
45
523
228
879
485
185
982
247
863
982
116
759
737
679
112
362
83
756
515
464
287
522
856
927
637
517
655
550
478
761
895
522
284
474
752
120
10
733
366
872
715
481
983
803
511
446
165
946
201
31
409
839
904
616
766
540
485
772
90
314
884
336
835
519
161
938
638
170
670
356
393
736
188
375
539
51
821
703
996
373
85
756
212
988
724
329
527
208
452
968
521
335
655
707
854
815
644
491
336
665
198
729
401
386
455
939
436
627
993
783
352
77
890
915
416
965
595
942
172
46
262
44
380
268
102
233
435
97
76
770
762
625
850
514
10
657
804
797
283
796
931
986
224
173
900
991
137
494
284
661
539
545
704
271
165
806
855
599
254
282
368
15
907
570
880
268
226
683
65
508
830
347
846
405
519
745
395
8
239
679
668
129
575
371
751
739
528
606
337
134
887
705
148
793
274
28
61
851
62
477
710
892
175
555
296
46
300
691
53
890
369
72
370
943
794
121
682
674
726
18
807
612
74
306
757
699
685
169
549
747
997
259
638
171
813
933
568
464
975
972
353
343
43
723
638
837
843
671
510
920
40
668
883
114
973
639
164
658
159
65
404
155
323
41
678
487
325
597
951
300
569
655
994
963
729
631
799
571
301
660
842
341
327
725
806
300
363
969
309
522
33
712
28
707
104
57
546
428
654
496
727
222
502
721
536
231
703
335
153
4
346
995
696
25
719
501
676
433
821
984
306
206
47
334
912
150
742
457
577
395
304
656
968
158
728
504
388
430
190
540
433
887
534
480
911
604
980
938
37
801
273
342
6
319
27
269
468
769
78
397
515
381
52
483
538
779
986
277
560
527
169
993
413
702
472
676
658
804
965
694
956
238
387
961
908
766
581
728
534
658
124
48
391
527
882
280
657
219
557
216
745
725
560
158
778
384
185
787
187
149
832
142
386
219
454
294
984
34
21
869
44
496
268
434
22
150
65
30
368
973
245
113
49
805
622
827
188
806
965
374
954
797
867
692
15
320
337
350
705
357
570
748
204
837
533
225
338
598
254
706
922
850
170
971
654
143
797
193
300
761
566
253
909
784
296
923
103
632
624
160
340
193
907
543
382
792
119
719
741
724
776
662
574
297
632
579
439
780
772
738
893
689
343
801
473
990
76
927
622
699
86
961
244
345
856
977
488
974
47
228
698
823
889
623
471
873
201
262
652
972
351
896
13
45
697
485
35
124
411
8
822
849
968
417
545
175
393
32
149
440
259
198
614
499
820
436
723
372
697
727
696
400
622
708
444
670
544
830
793
306
837
967
506
157
383
50
331
128
81
479
919
691
28
884
542
199
671
616
571
368
342
618
119
964
677
562
985
220
392
778
877
228
96
383
384
830
432
715
957
865
545
227
907
