1000

427
424
749
415
287
187
787
180
277
714
508
829
575
746
388
518
277
797
162
204
520
784
457
115
14
133
784
413
535
85
611
313
860
712
728
146
898
866
677
526
580
184
706
506
930
93
23
558
890
536
761
761
319
217
876
685
702
11
449
236
95
60
901
954
123
628
452
372
845
128
897
776
664
602
282
593
47
304
502
936
192
262
48
510
479
923
546
180
933
995
767
379
406
667
685
528
646
488
899
491
615
147
266
630
748
899
574
794
555
75
81
746
337
129
607
815
51
153
346
336
499
112
66
904
779
750
783
424
237
33
266
204
179
884
833
278
782
759
424
688
833
504
433
169
984
392
335
387
896
680
722
394
792
139
649
922
889
783
697
477
815
963
32
993
846
217
270
979
975
693
19
807
549
803
328
532
194
662
918
89
342
991
834
485
130
834
406
370
616
102
846
430
416
230
422
613
446
44
592
420
736
610
578
636
412
905
168
958
567
85
398
260
428
232
744
557
65
501
926
681
954
123
110
370
352
884
982
149
927
925
920
14
886
498
650
650
754
169
607
672
605
4
931
32
587
26
588
4
526
865
684
832
988
145
201
691
380
534
192
658
811
111
672
696
960
673
697
714
841
655
737
797
11
668
829
597
45
768
600
571
633
635
402
972
132
954
14
511
839
205
169
649
668
192
697
627
864
393
692
56
48
429
852
410
448
680
6
492
448
958
414
432
944
167
403
75
472
416
586
311
973
106
311
640
297
7
618
160
400
662
567
799
442
418
560
889
450
565
732
249
874
498
680
818
664
434
244
488
201
181
798
173
286
108
164
582
467
134
93
218
795
11
368
236
429
927
476
230
843
559
478
717
56
509
886
72
942
481
911
494
662
708
667
947
167
182
881
985
315
325
202
109
336
569
696
116
495
523
345
690
434
174
758
489
34
643
912
327
475
822
820
136
881
486
435
400
20
315
384
334
639
938
795
974
858
842
441
353
365
785
394
798
310
151
638
695
145
902
21
619
75
841
755
956
678
541
707
697
855
442
383
845
379
177
171
237
370
611
941
86
748
334
235
409
836
225
104
980
126
124
950
200
316
56
507
994
596
565
42
450
7
424
647
385
952
817
973
322
779
265
759
526
950
994
935
785
218
38
764
695
513
714
894
829
769
753
822
717
317
215
518
675
639
164
412
942
980
384
615
759
649
374
636
950
367
570
735
936
959
850
630
472
915
875
652
36
627
825
752
296
39
269
970
29
433
381
971
764
117
585
874
117
958
862
66
676
431
800
611
742
650
592
565
564
467
216
951
445
40
702
740
430
971
710
459
755
442
781
870
558
717
96
674
675
957
740
702
739
891
665
480
540
256
396
456
722
611
406
167
2
460
258
784
430
967
594
536
761
374
757
318
90
852
344
116
808
83
170
547
325
834
378
865
89
774
672
163
736
429
329
90
888
586
873
317
905
818
204
17
191
961
686
632
812
29
748
972
463
917
870
788
750
247
4
190
372
675
352
460
103
32
901
991
970
125
659
226
942
863
242
132
175
927
763
986
308
862
309
770
130
178
557
231
777
560
421
500
586
124
959
41
508
211
31
477
335
41
54
276
903
295
759
429
573
874
767
880
735
75
2
865
253
558
95
29
470
867
880
407
343
191
447
850
401
477
678
736
518
731
363
772
377
122
201
949
347
967
181
81
393
182
297
645
91
744
25
912
962
257
319
304
447
765
153
847
594
830
934
463
560
297
586
288
770
138
589
116
456
769
548
849
302
197
845
392
940
222
656
901
478
974
205
924
90
709
770
35
539
56
849
450
352
435
738
473
924
326
588
380
446
135
580
747
683
776
490
622
997
497
875
474
470
431
749
912
139
871
298
677
926
147
127
629
933
216
101
856
541
688
587
338
174
518
436
857
294
925
830
290
774
704
116
243
134
864
506
273
734
804
301
659
302
779
287
234
994
387
89
886
426
28
223
952
545
10
808
838
287
637
128
60
693
243
302
826
458
160
450
192
315
751
202
616
881
841
849
875
579
289
112
357
316
687
308
213
696
115
50
982
103
529
41
795
123
695
973
581
854
774
124
168
524
677
783
757
869
983
983
448
271
94
804
939
780
463
151
828
577
552
809
31
81
202
826
555
896
150
135
101
923
610
620
799
287
754
555
155
736
537
954
6
982
109
296
762
571
446
941
499
998
749
530
430
950
707
984
197
856
471
297
130
80
916
928
718
669
834
225
404
370
530
762
704
639
57
465
561
855
405
60
852
505
941
281
807
647
616
3
854
86
